898769374 211542615 277361469
2901739042 2299030230 213178977
207924763 1114173904 26774777
3752402183 1968349402 71176470
1176130843 625299169 68863743
3114918019 3783121220 137843736
1244994586 488904084 103878858
3252761755 2915409726 98951129
2779748334 3652754391 121990708
3351712884 2593688676 245406043
0 1252990064 95883380
2007290234 3920964956 325008750
3823578653 2039525872 202532901
2443486939 2512209207 81479469
4231974038 3371954615 62993258
3698239076 2242058773 54163107
2340675105 3014360855 102811834
4219112930 4245973706 12861108
4026111554 2839094719 76315007
3597118927 3434947873 101120149
2332298984 3774745099 8376121
95883380 1140948681 112041383
4102426561 3536068022 116686369
1968349402 2296221880 2808350
1971157752 4258834814 36132482
866253147 592782942 32516227
446242155 694162912 420010992
2524966408 3117172689 254781926
234699540 0 211542615