1368371614 3063096196 39876417
2318920763 3734391855 138926764
2980019498 3984955289 310012007
3732521234 1430493364 562446062
213274662 484132485 78936678
0 892307918 213274662
1023610211 575518293 214768297
2807160244 2776517513 21582263
2457847527 2833630022 176634966
3619027057 2663023336 113494177
2926107621 1368371614 53911877
1784866635 3524616139 209775716
2695523574 3873318619 111636670
1250827638 790286590 102021328
3290031505 1992939426 224427328
954760770 415283044 68849441
1408248031 2286404732 376618604
292211340 0 415283044
1994642351 3102972613 324278412
2642692366 3034347120 28749076
3514458833 2798099776 35530246
1238378508 563069163 12449130
2828742507 3427251025 97365114
3549989079 2217366754 69037978
2671441442 3010264988 24082132
707494384 1105582580 247266386
2634482493 1422283491 8209873