2658328410 4044901271 250066025
866264123 157899985 185676775
2062023507 343576760 307684950
1535723010 981670684 313982539
3292868240 2534053678 579746095
3905180794 3703329819 341571452
2908394435 3318856014 384473805
1194970869 1601263273 340752141
427693043 1299669198 158564104
748173107 651261710 118091016
1051940898 1458233302 143029971
586257147 0 157899985
4246752246 2485838628 48215050
1849705549 769352726 212317958
0 2368902754 805703
744157132 1295653223 4015975
805703 1942015414 426887340
3872614335 3113799773 32566459
2485838628 3146366232 172489782