1569885498 220184682 161941102
3711640300 872157831 344226893
1934701528 0 25420995
3394438846 2543943059 181930710
2957858493 2070565336 135870012
1416178127 25420995 36071868
1030022714 2029369539 9317803
1039340517 1216384724 133685745
695011633 382125784 335011081
2317056551 1350070469 640801942
1731826600 2887680679 151926123
0 3039606802 695011633
2030497645 2257384153 286558906
1960122523 2038687342 31877994
3576369556 2840047597 42331426
1536338434 4027621785 33547064
1452249995 3964767856 62853929
1331718081 787697785 84460046
4055867193 2882379023 5301656
3093728505 3734618435 230149421
1173026262 61492863 158691819
1883752723 2206435348 50948805
3618700982 2725873769 92939318
1515103924 2818813087 21234510
1992000517 1990872411 38497128
3323877926 717136865 70560920