2731357374 2535823037 72664015
2987243945 1266132780 17518070
3983567677 3876954134 113067367
1669770178 435765631 9597802
192217183 2087059527 132586479
324803662 1449340061 36910958
82239523 1283650850 47718149
4251710314 3400860374 43256982
788691045 2012848120 74211407
139712452 383260900 52504731
1679367980 1064470362 18439862
3627675589 3649605531 101947626
1761484189 1024489895 39980467
3964889474 4132263773 7628253
469056934 1486251019 222779936
3808503415 3992550600 118386133
4096635044 4139892026 155075270
0 328658745 54602155
3929418647 3751553157 35470827
3729623215 3787023984 78880200
129957672 2003093340 9754780
3926889548 3990021501 2529099
2130123401 3260061108 28438224
1154320063 445363433 515450115
2331952939 1331368999 72869773
2804021389 1082910224 183222556
1140184340 2219646006 14135723
3606348549 4110936733 21327040
3004762015 1709030955 50302777
1801464656 0 328658745
691836870 1759333732 96854175
447785309 2608487052 21271625
3400860374 3444117356 205488175
3055064792 2233781729 261071908
2185047506 1856187907 146905433
1697807842 960813548 63676347
361714620 2494853637 40969400
2404822712 2933526446 326534662
402684020 1404238772 45101289
3972517727 3865904184 11049950
2158561625 2907040565 26485881
862902452 2629758677 277281888
54602155 3288499332 27637368