3564276417 3073533986 256027539
540951899 3329561525 136112599
3123682450 3465674124 119685876
2479417373 4222809437 72157859
1957776831 2195006920 74795586
3089045940 3585360000 28951457
3820985109 2269802506 288781515
1285562478 1664965131 530041789
234319697 234026754 79806762
3243368326 1344057040 320908091
3117997397 541633052 5685053
2551575232 547318105 349893979
3820303956 540951899 681153
0 369583040 292943
314126459 313833516 55749524
4109766624 2888333314 185200672
292943 0 234026754
677064498 3614311457 608497980
2032572417 897212084 446844956
2901469211 2700756585 187576729
1815604267 2558584021 142172564